1.762857142857142956e-01 1.320754716981132060e-01 1.000000000000000000e+00
1.522857142857142743e-01 4.528301886792452935e-01 1.000000000000000000e+00
8.571428571428570953e-01 6.603773584905660021e-01 2.000000000000000000e+00
1.914285714285713161e-02 3.962264150943396457e-01 1.000000000000000000e+00
4.191428571428572059e-01 4.905660377358490587e-01 2.000000000000000000e+00
7.094285714285715194e-01 9.433962264150943522e-01 2.000000000000000000e+00
1.619999999999999496e-01 9.433962264150944077e-02 1.000000000000000000e+00
1.048571428571428710e-01 2.452830188679245293e-01 1.000000000000000000e+00
8.620000000000000995e-01 9.433962264150943522e-01 2.000000000000000000e+00
7.285714285714287586e-01 8.490566037735849392e-01 2.000000000000000000e+00
2.191428571428571392e-01 3.773584905660377631e-01 1.000000000000000000e+00
9.057142857142856662e-02 3.773584905660377214e-02 1.000000000000000000e+00
7.628571428571426227e-02 3.773584905660377214e-02 1.000000000000000000e+00
3.714285714285714413e-01 3.773584905660377631e-01 1.000000000000000000e+00
5.714285714285715079e-01 6.792452830188678847e-01 2.000000000000000000e+00
6.857142857142857206e-01 5.283018867924528239e-01 2.000000000000000000e+00
6.094285714285715416e-01 6.792452830188678847e-01 2.000000000000000000e+00
5.714285714285713413e-02 2.075471698113207641e-01 1.000000000000000000e+00
6.657142857142854531e-02 2.075471698113207641e-01 1.000000000000000000e+00
3.800000000000000600e-02 2.075471698113207641e-01 1.000000000000000000e+00
4.285714285714283672e-02 2.075471698113207641e-01 1.000000000000000000e+00
6.380000000000001226e-01 3.962264150943396457e-01 2.000000000000000000e+00
8.665714285714286591e-01 7.358490566037735325e-01 2.000000000000000000e+00
1.428571428571428770e-01 1.886792452830188815e-01 1.000000000000000000e+00
6.657142857142854531e-02 3.018867924528301772e-01 1.000000000000000000e+00
9.142857142857143682e-01 7.358490566037735325e-01 2.000000000000000000e+00
6.951428571428572845e-01 7.358490566037735325e-01 2.000000000000000000e+00
7.808571428571430273e-01 7.358490566037735325e-01 2.000000000000000000e+00
5.714285714285715079e-01 7.924528301886792914e-01 2.000000000000000000e+00
9.428571428571430602e-01 7.358490566037735325e-01 2.000000000000000000e+00
2.857142857142853584e-02 3.018867924528301772e-01 1.000000000000000000e+00
6.199999999999996486e-02 3.018867924528301772e-01 1.000000000000000000e+00
2.905714285714285916e-01 1.886792452830188815e-01 1.000000000000000000e+00
1.094285714285714445e-01 3.018867924528301772e-01 1.000000000000000000e+00
9.808571428571430939e-01 6.415094339622641195e-01 2.000000000000000000e+00
8.142857142857143904e-01 7.547169811320755262e-01 2.000000000000000000e+00
2.142857142857143016e-01 7.547169811320754429e-02 1.000000000000000000e+00
8.380000000000001892e-01 7.735849056603774088e-01 2.000000000000000000e+00
8.285714285714286254e-01 7.358490566037735325e-01 2.000000000000000000e+00
7.714285714285714635e-01 5.660377358490565891e-01 2.000000000000000000e+00
8.380000000000001892e-01 5.660377358490565891e-01 2.000000000000000000e+00
8.857142857142858983e-01 5.660377358490565891e-01 2.000000000000000000e+00
7.048571428571429598e-01 5.660377358490565891e-01 2.000000000000000000e+00
8.285714285714286254e-01 5.660377358490565891e-01 2.000000000000000000e+00
4.951428571428572178e-01 5.849056603773584717e-01 2.000000000000000000e+00
6.380000000000001226e-01 5.849056603773584717e-01 2.000000000000000000e+00
9.057142857142856662e-02 1.132075471698113234e-01 1.000000000000000000e+00
9.514285714285714013e-02 1.132075471698113234e-01 1.000000000000000000e+00
7.628571428571426227e-02 1.132075471698113234e-01 1.000000000000000000e+00
8.048571428571428266e-01 8.301886792452830566e-01 2.000000000000000000e+00
2.334285714285713742e-01 2.075471698113207641e-01 1.000000000000000000e+00
1.714285714285714857e-01 2.075471698113207641e-01 1.000000000000000000e+00
6.334285714285715629e-01 6.981132075471697673e-01 2.000000000000000000e+00
1.094285714285714445e-01 0.000000000000000000e+00 1.000000000000000000e+00
7.428571428571429935e-01 6.603773584905660021e-01 2.000000000000000000e+00
7.334285714285714297e-01 6.603773584905660021e-01 2.000000000000000000e+00
8.857142857142858983e-01 6.603773584905660021e-01 2.000000000000000000e+00
8.477142857142858645e-01 6.603773584905660021e-01 2.000000000000000000e+00
9.191428571428572614e-01 6.603773584905660021e-01 2.000000000000000000e+00
8.094285714285714972e-01 6.603773584905660021e-01 2.000000000000000000e+00
8.762857142857143344e-01 6.603773584905660021e-01 2.000000000000000000e+00
9.428571428571430602e-01 8.679245283018868218e-01 2.000000000000000000e+00
7.808571428571430273e-01 8.679245283018868218e-01 2.000000000000000000e+00
6.199999999999996486e-02 3.207547169811320598e-01 1.000000000000000000e+00
1.237142857142856794e-01 1.886792452830188815e-01 1.000000000000000000e+00
6.857142857142857206e-01 6.603773584905660021e-01 2.000000000000000000e+00
5.620000000000000551e-01 5.660377358490565891e-01 2.000000000000000000e+00
9.142857142857143682e-01 7.735849056603774088e-01 2.000000000000000000e+00
8.477142857142858645e-01 7.735849056603774088e-01 2.000000000000000000e+00
1.142857142857142683e-01 3.018867924528301772e-01 1.000000000000000000e+00
1.808571428571428830e-01 3.018867924528301772e-01 1.000000000000000000e+00
8.285714285714286254e-01 7.735849056603774088e-01 2.000000000000000000e+00
8.762857142857143344e-01 7.735849056603774088e-01 2.000000000000000000e+00
8.857142857142858983e-01 7.735849056603774088e-01 2.000000000000000000e+00
1.999999999999999556e-01 3.018867924528301772e-01 1.000000000000000000e+00
7.094285714285715194e-01 7.735849056603774088e-01 2.000000000000000000e+00
7.142857142857143016e-01 7.735849056603774088e-01 2.000000000000000000e+00
7.665714285714287923e-01 6.415094339622641195e-01 2.000000000000000000e+00
7.905714285714285916e-01 7.358490566037735325e-01 2.000000000000000000e+00
9.000000000000001332e-01 6.037735849056603543e-01 2.000000000000000000e+00
2.334285714285713742e-01 1.320754716981132060e-01 1.000000000000000000e+00
2.094285714285714917e-01 3.962264150943396457e-01 1.000000000000000000e+00
8.857142857142858983e-01 6.981132075471697673e-01 2.000000000000000000e+00
4.951428571428572178e-01 4.716981132075471761e-01 2.000000000000000000e+00
9.142857142857143682e-01 9.622641509433962348e-01 2.000000000000000000e+00
1.428571428571428770e-01 1.132075471698113234e-01 1.000000000000000000e+00
6.657142857142854531e-02 3.773584905660377631e-01 1.000000000000000000e+00
1.191428571428571059e-01 1.132075471698113234e-01 1.000000000000000000e+00
6.762857142857143788e-01 8.679245283018868218e-01 2.000000000000000000e+00
1.191428571428571059e-01 3.207547169811320598e-01 1.000000000000000000e+00
1.714285714285714857e-01 3.207547169811320598e-01 1.000000000000000000e+00
1.808571428571428830e-01 3.207547169811320598e-01 1.000000000000000000e+00
1.428571428571428770e-01 3.207547169811320598e-01 1.000000000000000000e+00
1.857142857142857206e-01 3.207547169811320598e-01 1.000000000000000000e+00
8.142857142857143904e-01 8.867924528301887044e-01 2.000000000000000000e+00
2.285714285714285365e-01 1.886792452830188815e-01 1.000000000000000000e+00
1.000000000000000000e+00 1.000000000000000000e+00 2.000000000000000000e+00
5.191428571428571281e-01 3.962264150943396457e-01 2.000000000000000000e+00
5.285714285714286920e-01 6.603773584905660021e-01 2.000000000000000000e+00
6.428571428571429047e-01 6.603773584905660021e-01 2.000000000000000000e+00
6.380000000000001226e-01 6.603773584905660021e-01 2.000000000000000000e+00
5.714285714285713413e-02 1.886792452830188815e-01 1.000000000000000000e+00
7.628571428571426227e-02 1.886792452830188815e-01 1.000000000000000000e+00
8.237142857142857322e-01 6.037735849056603543e-01 2.000000000000000000e+00
8.857142857142858983e-01 7.547169811320755262e-01 2.000000000000000000e+00
9.380000000000000560e-01 7.547169811320755262e-01 2.000000000000000000e+00
8.085714285714284966e-02 2.830188679245282946e-01 1.000000000000000000e+00
4.285714285714283672e-02 2.830188679245282946e-01 1.000000000000000000e+00
9.905714285714287692e-01 6.226415094339622369e-01 2.000000000000000000e+00
8.285714285714286254e-01 7.547169811320755262e-01 2.000000000000000000e+00
6.620000000000000329e-01 7.735849056603774088e-01 2.000000000000000000e+00
2.048571428571429043e-01 1.320754716981132060e-01 1.000000000000000000e+00
7.334285714285714297e-01 7.547169811320755262e-01 2.000000000000000000e+00
4.285714285714283672e-02 7.547169811320754429e-02 1.000000000000000000e+00
7.628571428571426227e-02 7.547169811320754429e-02 1.000000000000000000e+00
6.428571428571429047e-01 7.735849056603774088e-01 2.000000000000000000e+00
8.380000000000001892e-01 5.849056603773584717e-01 2.000000000000000000e+00
7.334285714285714297e-01 5.849056603773584717e-01 2.000000000000000000e+00
7.857142857142856984e-01 5.849056603773584717e-01 2.000000000000000000e+00
8.191428571428571725e-01 5.849056603773584717e-01 2.000000000000000000e+00
6.760000000000001563e-01 6.415094339622641195e-01 2.000000000000000000e+00
7.048571428571429598e-01 4.905660377358490587e-01 2.000000000000000000e+00
7.628571428571426227e-02 9.433962264150944077e-02 1.000000000000000000e+00
4.285714285714283672e-02 9.433962264150944077e-02 1.000000000000000000e+00
6.951428571428572845e-01 6.981132075471697673e-01 2.000000000000000000e+00
3.665714285714286036e-01 2.264150943396226467e-01 1.000000000000000000e+00
9.237142857142858210e-01 6.981132075471697673e-01 2.000000000000000000e+00
7.857142857142856984e-01 6.981132075471697673e-01 2.000000000000000000e+00
8.334285714285716296e-01 6.981132075471697673e-01 2.000000000000000000e+00
1.905714285714285305e-01 2.264150943396226467e-01 1.000000000000000000e+00
5.714285714285715079e-01 7.547169811320755262e-01 2.000000000000000000e+00
4.905714285714286582e-01 7.547169811320755262e-01 2.000000000000000000e+00
8.665714285714286591e-01 6.981132075471697673e-01 2.000000000000000000e+00
6.191428571428572170e-01 7.547169811320755262e-01 2.000000000000000000e+00
8.048571428571428266e-01 7.547169811320755262e-01 2.000000000000000000e+00
7.094285714285715194e-01 6.603773584905660021e-01 2.000000000000000000e+00
7.951428571428572623e-01 7.358490566037735325e-01 2.000000000000000000e+00
7.620000000000001217e-01 7.358490566037735325e-01 2.000000000000000000e+00
8.571428571428570953e-01 8.490566037735849392e-01 2.000000000000000000e+00
7.285714285714287586e-01 6.037735849056603543e-01 2.000000000000000000e+00
7.571428571428572285e-01 6.792452830188678847e-01 2.000000000000000000e+00
8.094285714285714972e-01 6.792452830188678847e-01 2.000000000000000000e+00
8.285714285714286254e-01 6.792452830188678847e-01 2.000000000000000000e+00
8.048571428571428266e-01 6.792452830188678847e-01 2.000000000000000000e+00
7.191428571428571948e-01 6.792452830188678847e-01 2.000000000000000000e+00
8.428571428571428603e-01 6.792452830188678847e-01 2.000000000000000000e+00
7.665714285714287923e-01 6.792452830188678847e-01 2.000000000000000000e+00
9.094285714285715860e-01 8.867924528301887044e-01 2.000000000000000000e+00
8.902857142857144579e-01 8.867924528301887044e-01 2.000000000000000000e+00
9.999999999999997780e-02 1.509433962264150886e-01 1.000000000000000000e+00
5.714285714285713413e-02 1.509433962264150886e-01 1.000000000000000000e+00
7.808571428571430273e-01 8.867924528301887044e-01 2.000000000000000000e+00
7.628571428571426227e-02 1.509433962264150886e-01 1.000000000000000000e+00
8.714285714285716633e-01 8.867924528301887044e-01 2.000000000000000000e+00
7.857142857142856984e-01 7.924528301886792914e-01 2.000000000000000000e+00
8.380000000000001892e-01 7.924528301886792914e-01 2.000000000000000000e+00
8.571428571428570953e-01 7.924528301886792914e-01 2.000000000000000000e+00
3.428571428571428048e-01 2.452830188679245293e-01 1.000000000000000000e+00
8.085714285714284966e-02 1.509433962264150886e-01 1.000000000000000000e+00
6.857142857142857206e-01 7.924528301886792914e-01 2.000000000000000000e+00
8.522857142857144241e-01 7.924528301886792914e-01 2.000000000000000000e+00
1.142857142857142683e-01 2.452830188679245293e-01 1.000000000000000000e+00
1.334285714285714797e-01 4.150943396226415283e-01 1.000000000000000000e+00
2.951428571428571512e-01 4.150943396226415283e-01 1.000000000000000000e+00
2.285714285714285365e-01 4.150943396226415283e-01 1.000000000000000000e+00
7.094285714285715194e-01 6.226415094339622369e-01 2.000000000000000000e+00
7.808571428571430273e-01 6.226415094339622369e-01 2.000000000000000000e+00
8.522857142857144241e-01 6.226415094339622369e-01 2.000000000000000000e+00
9.142857142857143682e-01 6.226415094339622369e-01 2.000000000000000000e+00
7.522857142857142243e-01 6.226415094339622369e-01 2.000000000000000000e+00
7.285714285714287586e-01 6.226415094339622369e-01 2.000000000000000000e+00
6.048571428571429820e-01 5.283018867924528239e-01 2.000000000000000000e+00
5.620000000000000551e-01 5.283018867924528239e-01 2.000000000000000000e+00
7.620000000000001217e-01 6.603773584905660021e-01 2.000000000000000000e+00
4.285714285714283672e-02 3.584905660377358250e-01 1.000000000000000000e+00
1.094285714285714445e-01 3.584905660377358250e-01 1.000000000000000000e+00
6.620000000000000329e-01 5.283018867924528239e-01 2.000000000000000000e+00
9.048571428571430264e-01 6.603773584905660021e-01 2.000000000000000000e+00
9.142857142857143682e-01 7.169811320754716499e-01 2.000000000000000000e+00
7.191428571428571948e-01 7.169811320754716499e-01 2.000000000000000000e+00
0.000000000000000000e+00 1.698113207547169712e-01 1.000000000000000000e+00
5.228571428571424096e-02 1.698113207547169712e-01 1.000000000000000000e+00
9.514285714285714013e-02 1.698113207547169712e-01 1.000000000000000000e+00
5.048571428571428932e-01 4.339622641509434109e-01 2.000000000000000000e+00
8.000000000000001554e-01 9.245283018867924696e-01 2.000000000000000000e+00
5.428571428571429269e-01 4.339622641509434109e-01 2.000000000000000000e+00
1.237142857142856794e-01 1.509433962264150886e-01 1.000000000000000000e+00
6.657142857142854531e-02 2.641509433962264120e-01 1.000000000000000000e+00
1.857142857142857206e-01 1.509433962264150886e-01 1.000000000000000000e+00
1.665714285714285092e-01 2.264150943396226467e-01 1.000000000000000000e+00
5.428571428571429269e-01 8.301886792452830566e-01 2.000000000000000000e+00
1.951428571428571179e-01 3.584905660377358250e-01 1.000000000000000000e+00
2.522857142857143353e-01 3.584905660377358250e-01 1.000000000000000000e+00
6.657142857142854531e-02 5.660377358490566169e-02 1.000000000000000000e+00
9.714285714285715301e-01 8.490566037735849392e-01 2.000000000000000000e+00
5.228571428571424096e-02 5.660377358490566169e-02 1.000000000000000000e+00
1.142857142857142683e-01 2.264150943396226467e-01 1.000000000000000000e+00
8.048571428571428266e-01 8.867924528301887044e-01 2.000000000000000000e+00
1.714285714285714857e-01 3.773584905660377214e-02 1.000000000000000000e+00
6.199999999999996486e-02 5.660377358490566169e-02 1.000000000000000000e+00
7.571428571428572285e-01 7.547169811320755262e-01 2.000000000000000000e+00
9.142857142857143682e-01 6.037735849056603543e-01 2.000000000000000000e+00
7.237142857142857544e-01 6.037735849056603543e-01 2.000000000000000000e+00
8.951428571428571290e-01 6.037735849056603543e-01 2.000000000000000000e+00
8.380000000000001892e-01 7.358490566037735325e-01 2.000000000000000000e+00
2.237142857142857266e-01 5.283018867924528239e-01 1.000000000000000000e+00
9.522857142857142909e-01 8.490566037735849392e-01 2.000000000000000000e+00
6.522857142857143575e-01 6.226415094339622369e-01 2.000000000000000000e+00
7.142857142857143016e-01 5.094339622641509413e-01 2.000000000000000000e+00
6.714285714285714857e-01 6.226415094339622369e-01 2.000000000000000000e+00
1.048571428571428710e-01 2.264150943396226467e-01 1.000000000000000000e+00
6.857142857142857206e-01 5.094339622641509413e-01 2.000000000000000000e+00
8.085714285714284966e-02 2.264150943396226467e-01 1.000000000000000000e+00
7.094285714285715194e-01 5.094339622641509413e-01 2.000000000000000000e+00
7.762857142857143566e-01 7.169811320754716499e-01 2.000000000000000000e+00
1.619999999999999496e-01 1.698113207547169712e-01 1.000000000000000000e+00
1.191428571428571059e-01 1.698113207547169712e-01 1.000000000000000000e+00
7.000000000000000666e-01 7.169811320754716499e-01 2.000000000000000000e+00
8.665714285714286591e-01 7.169811320754716499e-01 2.000000000000000000e+00
7.522857142857142243e-01 7.169811320754716499e-01 2.000000000000000000e+00
8.571428571428570953e-01 7.169811320754716499e-01 2.000000000000000000e+00
8.285714285714286254e-01 7.169811320754716499e-01 2.000000000000000000e+00
7.334285714285714297e-01 7.169811320754716499e-01 2.000000000000000000e+00
7.808571428571430273e-01 7.169811320754716499e-01 2.000000000000000000e+00
6.380000000000001226e-01 7.358490566037735325e-01 2.000000000000000000e+00
7.142857142857143848e-02 2.075471698113207641e-01 1.000000000000000000e+00
1.571428571428571119e-01 5.660377358490566169e-02 1.000000000000000000e+00
7.714285714285714635e-01 5.471698113207547065e-01 2.000000000000000000e+00
6.142857142857143238e-01 6.037735849056603543e-01 2.000000000000000000e+00
7.237142857142857544e-01 9.056603773584905870e-01 2.000000000000000000e+00
6.380000000000001226e-01 6.037735849056603543e-01 2.000000000000000000e+00
7.628571428571426227e-02 1.320754716981132060e-01 1.000000000000000000e+00
6.857142857142857206e-01 8.113207547169811740e-01 2.000000000000000000e+00
9.285714285714286031e-01 8.113207547169811740e-01 2.000000000000000000e+00
9.522857142857142909e-01 8.113207547169811740e-01 2.000000000000000000e+00
7.285714285714287586e-01 8.113207547169811740e-01 2.000000000000000000e+00
1.380000000000000393e-01 2.641509433962264120e-01 1.000000000000000000e+00
7.379999999999999893e-01 8.113207547169811740e-01 2.000000000000000000e+00
5.951428571428571956e-01 7.169811320754716499e-01 2.000000000000000000e+00
6.191428571428572170e-01 7.169811320754716499e-01 2.000000000000000000e+00
8.085714285714284966e-02 2.075471698113207641e-01 1.000000000000000000e+00
6.714285714285714857e-01 6.792452830188678847e-01 2.000000000000000000e+00
7.857142857142856984e-01 7.358490566037735325e-01 2.000000000000000000e+00
7.905714285714285916e-01 8.490566037735849392e-01 2.000000000000000000e+00
8.191428571428571725e-01 6.415094339622641195e-01 2.000000000000000000e+00
8.477142857142858645e-01 6.415094339622641195e-01 2.000000000000000000e+00
7.571428571428572285e-01 6.415094339622641195e-01 2.000000000000000000e+00
9.191428571428572614e-01 6.415094339622641195e-01 2.000000000000000000e+00
6.857142857142857206e-01 6.415094339622641195e-01 2.000000000000000000e+00
8.522857142857144241e-01 6.415094339622641195e-01 2.000000000000000000e+00
7.902857142857142581e-01 6.415094339622641195e-01 2.000000000000000000e+00
8.857142857142858983e-01 8.490566037735849392e-01 2.000000000000000000e+00
7.905714285714285916e-01 6.415094339622641195e-01 2.000000000000000000e+00
6.620000000000000329e-01 5.094339622641509413e-01 2.000000000000000000e+00
7.142857142857143848e-02 2.830188679245282946e-01 1.000000000000000000e+00
1.142857142857142683e-01 2.830188679245282946e-01 1.000000000000000000e+00
